相机内参数矩阵：
[530.527731419697, 0, 338.8371277433772;
 0, 530.5883296858977, 231.5390118666038;
 0, 0, 1]

畸变系数
第1幅图像的旋转向量：
[-28.39173512727709;
 7.128834295571734;
 166.8675793213532]
第1幅图像的旋转矩阵：
[0.9743521687120617, 0.2245951921907667, -0.01395890292589767;
 -0.2249673740891124, 0.9736577566927598, -0.03715176210453294;
 0.005247086958628294, 0.03933919771443028, 0.9992121374371078]
第1幅图像的平移向量：
[-2.949263118288489;
 -0.01802492394094386;
 0.4167174786732143]

第2幅图像的旋转向量：
[26.48472685016039;
 44.0969379207082;
 135.6492570756006]
第2幅图像的旋转矩阵：
[0.8515479261081931, -0.4893819464257143, 0.1880729647062938;
 0.5064253737556306, 0.8606183750973861, -0.05356634448237787;
 -0.1356446473595822, 0.1408592309978803, 0.9806932276126824]
第2幅图像的平移向量：
[-2.017898683585833;
 1.709054116553454;
 0.8379937684556783]

第3幅图像的旋转向量：
[-33.42826162970751;
 5.807738506574115;
 114.43795600029]
第3幅图像的旋转矩阵：
[0.9998374264943247, 0.01800545875632356, -0.0009612680064744099;
 -0.01801026652218553, 0.9998240078360157, -0.005252014330413506;
 0.000866533903423928, 0.005268473185027802, 0.9999857460530589]
第3幅图像的平移向量：
[2.798352803156328;
 0.5087738445878779;
 -0.2770224024707809]

第4幅图像的旋转向量：
[-38.98235342731393;
 23.84986591708822;
 125.6707289431822]
第4幅图像的旋转矩阵：
[-0.1006646252904353, -0.9827872381218383, -0.1549060289336265;
 0.8577025969733694, -0.1646252532612434, 0.4870777978247515;
 -0.5041952879195465, -0.08383179929788426, 0.859511105842272]
第4幅图像的平移向量：
[3.003533698595315;
 -0.004803974105391125;
 -0.3663141634263991]

第5幅图像的旋转向量：
[-24.24328981063389;
 -33.27800443632549;
 127.8431062303205]
第5幅图像的旋转矩阵：
[-0.6558115243297654, -0.5922332085610457, -0.4681571010181931;
 0.7453286658271484, -0.6065024819063902, -0.2768391578836201;
 -0.1199851009608805, -0.5304852176252208, 0.8391597043641514]
第5幅图像的平移向量：
[2.203028377766532;
 1.747177628932009;
 -0.5819970387654924]

第6幅图像的旋转向量：
[23.18945433057409;
 -30.7650951965755;
 154.3460412147862]
第6幅图像的旋转矩阵：
[-0.3877682728137801, -0.9214221307360553, 0.02483995951780441;
 0.8414784920573275, -0.3648673716591556, -0.3984792949495195;
 0.3762309317479683, -0.1336153362768209, 0.9168408956344]
第6幅图像的平移向量：
[-1.840560033666042;
 -2.049673051287062;
 0.3861244832979803]

第7幅图像的旋转向量：
[-35.99402765921531;
 -41.64500046347865;
 171.0786954734792]
第7幅图像的旋转矩阵：
[-0.7268772444683742, 0.6558721721468634, -0.203669254619882;
 -0.4888816201446994, -0.7024388936526031, -0.5172759052660394;
 -0.4823320774723127, -0.2764259294774313, 0.8312306975525996]
第7幅图像的平移向量：
[-1.734381471857168;
 -2.393110638731033;
 0.4584152572853633]

第8幅图像的旋转向量：
[-14.90734452240413;
 -42.01955441571921;
 139.310209169868]
第8幅图像的旋转矩阵：
[-0.1735400601062773, -0.9010984979524945, -0.3973730546049488;
 0.9705365795238767, -0.0879943114783272, -0.2243117227287702;
 0.1671603880840292, -0.4245921550561351, 0.8898195921198764]
第8幅图像的平移向量：
[1.879513833826427;
 2.329125638115848;
 -0.6519515673780609]

第9幅图像的旋转向量：
[-34.13590653744635;
 17.1727785609575;
 118.5323593912082]
第9幅图像的旋转矩阵：
[0.4745660638490505, 0.8369527318338102, -0.2725750827180299;
 -0.879896968213565, 0.4426859618673176, -0.1726570719495274;
 -0.023840645364489, 0.3217751759249457, 0.9465159057232344]
第9幅图像的平移向量：
[-2.878258910234768;
 -0.1960765955048671;
 -0.6092645458903403]

第10幅图像的旋转向量：
[-20.84299276121822;
 -34.0869255609772;
 106.4858547302464]
第10幅图像的旋转矩阵：
[0.8102501682764178, -0.5463817649120152, -0.2120415803083628;
 0.5679497283629727, 0.8212924075866092, 0.05396190594314151;
 0.1446643385926948, -0.1641516013087368, 0.9757696864154551]
第10幅图像的平移向量：
[2.067413445413421;
 1.711305553236607;
 0.6251688076312122]

第11幅图像的旋转向量：
[-28.60194747486745;
 -38.39020505302716;
 131.3079377860783]
第11幅图像的旋转矩阵：
[0.07830361144960497, -0.8847506777899719, -0.4594396397614537;
 0.9929016860333568, 0.1105970181385013, -0.04375547338321284;
 0.08952533890506267, -0.4527521813631129, 0.8871305856326204]
第11幅图像的平移向量：
[2.061555180025583;
 2.023552523855068;
 -0.4707637099910169]

第12幅图像的旋转向量：
[-33.13234669725291;
 -23.0176050979769;
 124.7373411209825]
第12幅图像的旋转矩阵：
[0.6832328896781782, 0.728467094242978, 0.05028430239347902;
 -0.6984376308943779, 0.6720511488082473, -0.2460327806129985;
 -0.2130204079722299, 0.1329772386188982, 0.9679562798993752]
第12幅图像的平移向量：
[-2.164271864670581;
 -1.587858993912507;
 -0.350454947569119]

第13幅图像的旋转向量：
[-26.00990308988942;
 -30.99567731126478;
 105.0563999277778]
第13幅图像的旋转矩阵：
[0.8757876406346832, 0.4704483793584888, 0.108047817518478;
 -0.4537551236103373, 0.8787301724413333, -0.1481201263792056;
 -0.1646277507253938, 0.08069452521823139, 0.9830493870049977]
第13幅图像的平移向量：
[2.256337305081129;
 1.848824396854031;
 0.626840140637512]


