R :
[0.999989152248115, 0.003742190851531622, 0.00277333620879845;
 -0.003708340976329925, 0.9999197739629079, -0.0121117234599504;
 -0.002818438095753026, 0.01210130759867518, 0.999922804400971]
T :
[-33.26386073700965;
 0.4103848195516605;
 0.5384273443385098]
R1 :
[0.9998734651973387, -0.008788135608861894, -0.01325979889692219;
 0.008707624479570566, 0.9999433758208931, -0.006117387337646934;
 0.0133128085011897, 0.006001151925778337, 0.9998933719679187]
R2 :
[0.9997929580569921, -0.01233470329632706, -0.01618320469626669;
 0.01243254340265659, 0.9999049555896016, 0.005959165369229891;
 0.01610816203639477, -0.006159129966833555, 0.9998512850588637]
P1 :
[446.8959899793599, 0, 339.8033142089844, 0;
 0, 446.8959899793599, 241.8432331085205, 0;
 0, 0, 1, 0]
P2 :
[446.8959899793599, 0, 339.8033142089844, -14868.56439106275;
 0, 446.8959899793599, 241.8432331085205, 0;
 0, 0, 1, 0]
