相机内参数矩阵：
[535.9382646950977, 0, 324.4252319031137;
 0, 535.7259164826644, 249.1783365209385;
 0, 0, 1]

畸变系数
第1幅图像的旋转向量：
[-61.14431341421882;
 5.63259381650163;
 167.5945670496491]
第1幅图像的旋转矩阵：
[-0.6200455385685488, -0.5358826810104462, -0.5730386394426595;
 0.4961990336087629, -0.8336095458872128, 0.2426554018591889;
 -0.607725307311591, -0.1338838197795797, 0.7827803482805762]
第1幅图像的平移向量：
[-2.941138001798635;
 -0.0143571551278394;
 0.4181920862392509]

第2幅图像的旋转向量：
[-6.358433391238183;
 42.71506941469593;
 136.6957597123226]
第2幅图像的旋转矩阵：
[0.4023707963623576, 0.865527549964298, -0.2982612990106526;
 -0.8813553614906287, 0.4543572728166133, 0.1295075110191416;
 0.2476095091195925, 0.2107641546645194, 0.9456574443751316]
第2幅图像的平移向量：
[-2.00579205593886;
 1.70045510309418;
 0.8454276975339602]

第3幅图像的旋转向量：
[-66.37044960865849;
 4.969621068921907;
 115.3328190829351]
第3幅图像的旋转矩阵：
[0.5120720133947781, -0.8231655308638067, -0.2453176754649479;
 0.7990124608989549, 0.3516913241308348, 0.4877420423331336;
 -0.3152163390847853, -0.4457709292100679, 0.837810800983837]
第3幅图像的平移向量：
[2.814439762884966;
 0.5072340204053348;
 -0.2856054765194501]

第4幅图像的旋转向量：
[-71.79778261859026;
 22.91021973978755;
 126.5393005750223]
第4幅图像的旋转矩阵：
[-0.4723424110029845, -0.4594039432504973, -0.7522238122352825;
 0.1665032044285218, -0.8845682862958318, 0.4356783558942184;
 -0.8655456831865789, 0.08054168986027821, 0.4943113457240579]
第4幅图像的平移向量：
[3.007417300122294;
 -0.007482295817186627;
 -0.3788720498502465]

第5幅图像的旋转向量：
[-57.20970792340385;
 -34.25483000818161;
 128.0012077521234]
第5幅图像的旋转矩阵：
[0.985620568956124, 0.164724460927818, 0.03765562405067957;
 -0.1615145309571637, 0.983901070671414, -0.07649666281173752;
 -0.04965028036470436, 0.06931475386730472, 0.9963585271156268]
第5幅图像的平移向量：
[2.213850502509037;
 1.752043670795132;
 -0.5818825846185078]

第6幅图像的旋转向量：
[-9.679547193721517;
 -32.34656648514611;
 154.8853075624424]
第6幅图像的旋转矩阵：
[0.1306165305536817, -0.9582247521470937, -0.2544496931001487;
 0.9799699740409971, 0.1636964363026877, -0.1134121982852255;
 0.1503268835711242, -0.23453955127961, 0.9604129460608872]
第6幅图像的平移向量：
[-1.836356791913355;
 -2.043114500122007;
 0.3854581527427053]

第7幅图像的旋转向量：
[-68.77870163636418;
 -43.19036183220515;
 171.2833610682605]
第7幅图像的旋转矩阵：
[0.5509605998213971, -0.7484948708621549, -0.3690499230964454;
 0.8339923641662043, 0.5097297082876264, 0.2112637238180666;
 0.02998589596646026, -0.4241828058538643, 0.9050799927415429]
第7幅图像的平移向量：
[-1.725114320798043;
 -2.383764028989378;
 0.4476582848138574]

第8幅图像的旋转向量：
[-48.07160830827812;
 -43.23539001893816;
 139.2445988331971]
第8幅图像的旋转矩阵：
[-0.7272428816374187, -0.1970574103365482, -0.6574847284455789;
 0.5347968195174968, -0.7631213315173446, -0.3628197833872417;
 -0.4302442944905527, -0.6154788464396225, 0.6603602324819978]
第8幅图像的平移向量：
[-1.975072929209271;
 -2.438299435294499;
 0.6684241315482818]

第9幅图像的旋转向量：
[-66.96776978150415;
 16.29330316310023;
 119.2754979634314]
第9幅图像的旋转矩阵：
[0.9158824616551442, 0.3887079840195051, -0.1003265647373887;
 -0.4013745741820786, 0.8913926221936851, -0.2105175629224821;
 0.00760050213264804, 0.2330778759517047, 0.9724283706829894]
第9幅图像的平移向量：
[-2.86545941544381;
 -0.1859298998611059;
 -0.6085727056486582]

第10幅图像的旋转向量：
[-53.93023734935138;
 -34.84937782722902;
 106.6494878120301]
第10幅图像的旋转矩阵：
[0.4997341509194024, 0.8656627692686865, 0.02989562354146405;
 -0.7162866950927538, 0.4324155816226067, -0.5476770354899714;
 -0.4870309526487659, 0.2522790809243839, 0.8361555575908013]
第10幅图像的平移向量：
[2.081772348054713;
 1.711344671427175;
 0.6339028551780939]

第11幅图像的旋转向量：
[-61.60925863211239;
 -39.3749098355252;
 131.5108594716091]
第11幅图像的旋转矩阵：
[0.9560143300118987, 0.2860205283378787, 0.06502967154477335;
 -0.274696542029733, 0.9507737242160135, -0.1434264101806888;
 -0.1028514006166542, 0.1192542775322244, 0.9875221550332224]
第11幅图像的平移向量：
[2.071020684608483;
 2.026867205432696;
 -0.467962882094723]

第12幅图像的旋转向量：
[-66.11913447406957;
 -23.98534372535283;
 125.2079798077396]
第12幅图像的旋转矩阵：
[0.7003250018720089, 0.7134981577126529, -0.02157013429770441;
 -0.6550140524825598, 0.6303228069040008, -0.4167130309302027;
 -0.28372783226773, 0.3059632952452171, 0.9087821406472196]
第12幅图像的平移向量：
[-2.161266723495721;
 -1.577392305029328;
 -0.3583561409936991]

第13幅图像的旋转向量：
[-58.97105843448536;
 -31.77983339162877;
 105.1074051635831]
第13幅图像的旋转矩阵：
[0.6275564904598835, 0.7781263739530825, 0.02630964538533093;
 -0.6623492400566448, 0.5513342104241052, -0.5072712022305362;
 -0.4092265087675276, 0.3009151617560274, 0.8613847746200791]
第13幅图像的平移向量：
[2.263962163661833;
 1.843672201633437;
 0.6405636476122172]


